[UNK]
[CLS]
[SEP]
[PAD]
[MASK]
16277616001
16277619001
16277619008
16277637008
16277643008
16277646008
16277649005
16277649008
16277652005
16277652008
16277655001
16277655005
16277658005
16277664006
16277667006
16277673005
16277679005
16277679006
16277682001
16277682006
16277685006
16277688005
16277694001
16277697001
16277706001
16277706004
16277706008
16277709001
16277709004
16277709008
16277712004
16277712005
16277712008
16277715001
16277715004
16277715005
16277718004
16277718005
16277721004
16277721008
16277724004
16277724008
16277727004
16277727005
16277727008
16277730004
16277730005
16277733001
16277733005
16277733006
16277739001
16277739004
16277739005
16277742001
16277742004
16277745001
16277745004
16277748001
16277748004
16277751004
16277757004
16277757006
16277760001
16277760004
16277763004
16277766006
16277769006
16277772004
16277775004
16277775006
16277778006
16277781006
16277784006
16277787006
16277790004
16277790006
16277793004
16277796001
16277796004
16277796006
16277799001
16277799004
16277802001
16277805001
16277811001
16277811004
16277814001
16277817001
16277820001
16277823001
16277823006
16277823008
16277826001
16277826006
16277829001
16277832001
16277835001
16277838001
16277841001
16277844001
16277847001
16277850001
16277850006
16277853001
16277853004
16277856001
16277856004
16277859001
16277859004
16277862001
16277862005
16277862006
16277862008
16277868001
16277868005
16277871001
16277871005
16277871006
16277874006
16277877001
16277877006
16277880001
16277883001
16277883004
16277886001
16277886004
16277886006
16277889001
16277889004
16277892001
16277892004
16277895001
16277895004
16277898001
16277898004
16277901001
16277901004
16277904004
16277907001
16277907004
16277910001
16277910004
16277913001
16277913004
16277916001
16277916004
16277916006
16277919001
16277919004
16277922001
16277922004
16277925001
16277925004
16277928001
16277928004
16277931001
16277931004
16277931006
16277934001
16277934004
16277934006
16277937001
16277937004
16277940001
16277940004
16277943001
16277943004
16277946001
16277946004
16277949001
16277949004
16277952001
16277952004
16277955001
16277955004
16277958001
16277958004
16277961001
16277961004
16277964001
16277964004
16277967001
16277967004
16277970001
16277973001
16277979001
16277982001
16277985001
16277988001
16277988004
16277991001
16277991004
16277991006
16277994001
16277994004
16277997001
16277997004
16278000001
16278000004
16278003001
16278003004
16278006001
16278006004
16278009001
16278009004
16278012001
16278012004
16278015001
16278015004
16278018001
16278018004
16278021001
16278021004
16278024001
16278024004
16278027001
16278027004
16278030001
16278030004
16278030006
16278033001
16278033004
16278033006
16278036001
16278036004
16278036006
16278039001
16278039004
16278039006
16278042001
16278042004
16278042006
16278045001
16278045004
16278045006
16278048001
16278048004
16278048006
16278051001
16278051004
16278051006
16278054001
16278054004
16278054006
16278057001
16278057004
16278057006
16278060001
16278060004
16278060006
16278060007
16278063001
16278063004
16278063006
16278066001
16278066004
16278066006
16278069001
16278069006
16278069008
16278072001
16278072004
16278072006
16278075001
16278075004
16278075006
16278075008
16278078001
16278078006
16278081001
16278081006
16278084001
16278084006
16278087004
16278087006
16278090004
16278090006
16278093004
16278093006
16278096004
16278096006
16278099004
16278099006
16278102004
16278102006
16278105004
16278105006
16278108001
16278108004
16278108006
16278111004
16278111006
16278114004
16278114006
16278117004
16278117006
16278120001
16278120004
16278120006
16278123001
16278123004
16278123006
16278126004
16278126006
16278129001
16278129004
16278129006
16278132001
16278132004
16278132006
16278135001
16278135004
16278135006
16278138001
16278138004
16278138006
16278141001
16278141004
16278141006
16278144001
16278144006
16278147001
16278147006
16278147008
16278150001
16278150006
16278153001
16278153006
16278156001
16278156006
16278159001
16278159006
16278162001
16278162006
16278165001
16278165006
16278168001
16278168006
16278171001
16278174001
16278177001
16278180001
16278183001
16278186001
16278189006
16278192001
16278195001
16278198001
16278201001
16278204001
16278207001
16278207005
16278210001
16278213001
16278216001
16278219001
16278219005
16278222001
16278222005
16278225001
16278228001
16278228008
16278231001
16278234001
16278237001
16278240001
16278243001
16278246001
16278246004
16278249001
16278249004
16278252001
16278252004
16278255001
16278255004
16278258004
16278261004
16278264001
16278264004
16278267001
16278267004
16278270001
16278270004
16278270007
16278273001
16278273004
16278273007
16278276001
16278276004
16278276007
16278279001
16278279004
16278279007
16278282001
16278282004
16278285001
16278285004
16278288004
16278291004
16278294001
16278294004
16278297001
16278297004
16278297008
16278300004
16278303004
16278306004
16278309004
16278312004
16278315004
16278315005
16278318005
16278321004
16278324004
16278327004
16278327006
16278330004
16278330006
16278333004
16278336004
16278339004
16278342004
16278342006
16278345004
16278348004
16278351004
16278354004
16278357004
16278360004
16278363004
16278366004
16278369004
16278369008
16278378005
16278390005
16278393008
16278402005
16278405008
16278450006
16278453006
16278456006
16278462004
16278465004
16278465006
16278468006
16278471006
16278474001
16278477001
16278477005
16278477008
16278480006
16278480008
16278483001
16278483006
16278486001
16278486005
16278489001
16278489004
16278489005
16278489006
16278492004
16278492005
16278495004
16278498001
16278498004
16278498005
16278498006
16278498008
16278501001
16278501004
16278501005
16278504001
16278504008
16278507001
16278510004
16278510005
16278513005
16278516004
16278516006
16278516007
16278522001
16278525001
16278528001
16278528006
16278528008
16278531004
16278531008
16278534001
16278534006
16278534008
16278537004
16278537005
16278540001
16278543001
16278546001
16278546004
16278549004
16278549008
16278552005
16278552006
16278552008
16278564005
16278567001
16278567004
16278567008
16278570001
16278570004
16278570006
16278570008
16278573004
16278573006
16278576004
16278576005
16278576006
16278579004
16278579005
16278582004
16278582005
16278582006
16278582007
16278585004
16278585006
16278585007
16278585008
16278588004
16278588005
16278588008
16278591004
16278591005
16278591008
16278594004
16278594005
16278594008
16278597001
16278597004
16278597008
16278600001
16278600004
16278600008
16278603001
16278603004
16278603008
16278606001
16278606004
16278606008
16278609001
16278609004
16278609008
16278612001
16278612004
16278612008
16278615001
16278615004
16278615008
16278618001
16278618008
16278621008
16278624008
16278627001
16278627004
16278627008
16278630001
16278630004
16278630008
16278633001
16278633004
16278633008
16278636001
16278636008
16278639001
16278639008
16278642001
16278642008
16278645001
16278645008
16278648001
16278648008
16278651001
16278651006
16278651008
16278654001
16278654005
16278654006
16278654008
16278657001
16278657004
16278657008
16278660001
16278660004
16278660008
16278663001
16278663008
16278666001
16278666004
16278666008
16278669001
16278669008
16278672001
16278672008
16278675001
16278675008
16278678001
16278678008
16278681001
16278681008
16278684001
16278684008
16278687001
16278687008
16278690001
16278690008
16278693001
16278693005
16278693008
16278696001
16278696005
16278696008
16278699001
16278699005
16278699008
16278702001
16278702005
16278702008
16278705001
16278705005
16278705006
16278705008
16278708001
16278708005
16278708006
16278708008
16278711001
16278711005
16278711006
16278711008
16278714001
16278714004
16278714005
16278714008
16278717001
16278717005
16278717008
16278720001
16278720004
16278720008
16278723001
16278723008
16278726001
16278726005
16278726008
16278729005
16278729008
16278732005
16278732008
16278735001
16278735005
16278735008
16278738001
16278738008
16278741008
16278744001
16278744008
16278747001
16278747008
16278750001
16278750008
16278753001
16278753008
16278756001
16278756006
16278756008
16278759006
16278759008
16278762006
16278762008
16278765008
16278768001
16278768008
16278771001
16278771008
16278774001
16278774008
16278777001
16278777008
16278780001
16278780008
16278783001
16278783008
16278786001
16278786008
16278789001
16278789008
16278792001
16278792004
16278792006
16278792008
16278795001
16278795008
16278798001
16278798008
16278801001
16278801004
16278801006
16278801008
16278804001
16278804006
16278804008
16278807001
16278807006
16278807008
16278810001
16278810006
16278810008
16278813001
16278813008
16278816001
16278816004
16278816008
16278819001
16278819004
16278819008
16278822001
16278822004
16278822008
16278825001
16278825004
16278825008
16278828004
16278828008
16278831001
16278831004
16278831006
16278831008
16278834001
16278834004
16278834006
16278834008
16278837008
16278840001
16278840008
16278843001
16278843008
16278846001
16278846008
16278849001
16278849004
16278849008
16278852001
16278852004
16278852008
16278855001
16278855004
16278855006
16278855008
16278858001
16278858004
16278858006
16278858008
16278861001
16278861008
16278864001
16278864008
16278867001
16278867008
16278870001
16278870006
16278870008
16278873001
16278873006
16278873008
16278876001
16278876006
16278876008
16278879001
16278879006
16278879008
16278882001
16278882008
16278885001
16278885008
16278888001
16278888006
16278888008
16278891001
16278891008
16278894001
16278894008
16278897001
16278897008
16278900001
16278900005
16278900008
16278903001
16278903004
16278903005
16278903008
16278906001
16278906005
16278906008
16278909001
16278909005
16278909008
16278912005
16278912006
16278912008
16278915001
16278915004
16278915005
16278915006
16278915007
16278915008
16278918001
16278918004
16278918005
16278918006
16278918008
16278921001
16278921004
16278921005
16278921006
16278921008
16278924001
16278924005
16278924006
16278924008
16278927001
16278927005
16278927008
16278930001
16278930005
16278930008
16278933001
16278933005
16278933006
16278933008
16278936001
16278936004
16278936005
16278936006
16278936008
16278939005
16278939006
16278939008
16278942005
16278942006
16278945001
16278945005
16278945006
16278945008
16278948005
16278948008
16278951001
16278951004
16278951005
16278951008
16278954004
16278954005
16278954008
16278957005
16278957008
16278960005
16278960006
16278960008
16278963001
16278963005
16278963006
16278963008
16278966001
16278966005
16278966006
16278966008
16278969001
16278969005
16278969006
16278969008
16278972001
16278972005
16278972006
16278972008
16278975001
16278975004
16278975005
16278975006
16278975008
16278978004
16278978005
16278978006
16278978008
16278981004
16278981005
16278981006
16278981008
16278984006
16278984008
16278987006
16278987008
16278990006
16278990008
16278993001
16278993006
16278993008
16278996001
16278996006
16278996008
16278999001
16278999006
16278999008
16279002001
16279002006
16279002008
16279005001
16279005006
16279005008
16279008001
16279008006
16279008008
16279011001
16279011006
16279011008
16279014001
16279014006
16279014008
16279017001
16279017006
16279017008
16279020001
16279020006
16279020008
16279023001
16279023006
16279023008
16279026001
16279026006
16279026008
16279029001
16279029006
16279029008
16279032001
16279032006
16279032008
16279035001
16279035006
16279035008
16279038001
16279038006
16279038008
16279041001
16279041006
16279041008
16279044001
16279044006
16279044008
16279047001
16279047006
16279047008
16279050001
16279050006
16279050008
16279053001
16279053006
16279053008
16279056006
16279056008
16279059006
16279059008
16279062006
16279062008
16279065001
16279065006
16279065008
16279068001
16279068006
16279068008
16279071006
16279071008
16279074006
16279074008
16279077001
16279077006
16279077008
16279080001
16279080006
16279080008
16279083006
16279083008
16279086006
16279086008
16279089006
16279089008
16279092006
16279092008
16279095006
16279095007
16279095008
16279098006
16279098007
16279098008
16279101006
16279101007
16279101008
16279104006
16279104007
16279104008
16279107001
16279107006
16279107008
16279110001
16279110006
16279110008
16279113001
16279113005
16279113006
16279113008
16279116005
16279116006
16279116008
16279119001
16279119006
16279122001
16279122005
16279122006
16279125001
16279125005
16279125006
16279125008
16279128006
16279128008
16279131001
16279131006
16279131008
16279134001
16279134008
16279137004
16279137008
16279140004
16279140008
16279143001
16279143008
16279146001
16279146008
16279149001
16279149008
16279152008
16279155001
16279155008
16279158001
16279158008
16279161001
16279161007
16279161008
16279164007
16279164008
16279167008
16279170008
16279173006
16279173008
16279176006
16279176008
16279179006
16279179008
16279182006
16279182008
16279185006
16279185008
16279188006
16279188008
16279191008
16279194008
16279197006
16279197008
16279200008
16279203008
16279206008
16279209008
16279212008
16279215008
16279218008
16279221008
16279224008
16279227008
16279230008
16279233008
16279323006
16279326004
16279326006
16279329004
16279329006
16279332001
16279335001
16279335006
16279338006
16279341006
16279344001
16279344004
16279344008
16279347001
16279347005
16279347008
16279350001
16279353001
16279353005
16279356004
16279356005
16279359004
16279359005
16279359008
16279362001
16279362004
16279362006
16279362008
16279365004
16279365008
16279368004
16279374005
16279374006
16279377005
16279380001
16279380004
16279383001
16279383004
16279383007
16279386001
16279386004
16279386006
16279389001
16279389004
16279389006
16279392008
16279398001
16279398004
16279398005
16279398006
16279401004
16279401006
16279404004
16279407004
16279407005
16279413006
16279416001
16279416006
16279416007
16279416008
16279419001
16279419006
16279419008
16279422005
16279422006
16279422008
16279425001
16279425005
16279428001
16279428005
16279431001
16279431004
16279431005
16279434004
16279437004
16279440001
16279440004
16279440006
16279443004
16279443006
16279446004
16279446006
16279449007
16279449008
16279452006
16279455006
16279458004
16279458006
16279461004
16279461006
16279464004
16279464006
16279467005
16279467006
16279467008
16279470005
16279470006
16279470008
16279473005
16279473006
16279476005
16279476006
16279479004
16279479005
16279479006
16279482001
16279482004
16279482005
16279482006
16279485001
16279485005
16279485006
16279485008
16279488004
16279488005
16279488006
16279488008
16279491001
16279491004
16279491006
16279491008
16279494001
16279494004
16279494006
16279494008
16279497001
16279497004
16279497006
16279497008
16279500001
16279500004
16279500006
16279500008
16279503001
16279503006
16279503008
16279506001
16279506006
16279506008
16279509001
16279509006
16279509008
16279512001
16279512006
16279512008
16279515001
16279515006
16279515008
16279518001
16279518006
16279521001
16279521006
16279521008
16279524001
16279524006
16279524008
16279527001
16279527006
16279527008
16279530001
16279530004
16279530006
16279530008
16279533001
16279533006
16279533008
16279536001
16279536004
16279536006
16279536008
16279539001
16279539005
16279539006
16279539008
16279542001
16279542006
16279542008
16279545001
16279545008
16279548001
16279548006
16279548008
16279551001
16279551006
16279551008
16279554001
16279554006
16279554008
16279557001
16279557006
16279557008
16279560001
16279560006
16279560008
16279563001
16279563004
16279563006
16279563008
16279566001
16279566004
16279566006
16279566008
16279569001
16279569005
16279569006
16279569007
16279569008
16279572001
16279572005
16279572006
16279572007
16279572008
16279575001
16279575004
16279575005
16279575006
16279575008
16279578001
16279578004
16279578005
16279578006
16279578008
16279581001
16279581006
16279581008
16279584001
16279584006
16279584008
16279587001
16279587005
16279587006
16279587008
16279590001
16279590005
16279590006
16279590008
16279593006
16279593008
16279596005
16279596006
16279596008
16279599005
16279599006
16279599008
16279602001
16279602006
16279602008
16279605006
16279605008
16279608001
16279608006
16279608008
16279611001
16279611006
16279611008
16279614001
16279614006
16279614008
16279617001
16279617008
16279620001
16279620006
16279620008
16279623006
16279623008
16279626006
16279626008
16279629006
16279629008
16279632008
16279635001
16279635008
16279638001
16279638008
16279641001
16279641008
16279644001
16279644008
16279647001
16279647008
16279650001
16279650008
16279653001
16279653006
16279653008
16279656001
16279656004
16279656006
16279656008
16279659001
16279659006
16279659008
16279662001
16279662006
16279662008
16279665001
16279665004
16279665008
16279668001
16279668004
16279668008
16279671001
16279671004
16279671008
16279674001
16279674008
16279677001
16279677008
16279680001
16279680008
16279683001
16279683008
16279686001
16279686008
16279689001
16279689008
16279692001
16279692004
16279692008
16279695001
16279695008
16279698001
16279698008
16279701001
16279701006
16279701008
16279704001
16279704008
16279707001
16279707008
16279710001
16279710006
16279710008
16279713001
16279713006
16279713008
16279716001
16279716004
16279716008
16279719001
16279719004
16279719008
16279722001
16279722008
16279725001
16279725004
16279725008
16279728001
16279728008
16279731001
16279731008
16279734001
16279734004
16279734008
16279737001
16279737008
16279740001
16279740008
16279743001
16279743008
16279746001
16279746004
16279746008
16279749001
16279749004
16279749006
16279749008
16279752001
16279752008
16279755008
16279758006
16279758008
16279761001
16279761006
16279761008
16279764008
16279767004
16279767008
16279770008
16279773008
16279776001
16279776008
16279779001
16279779007
16279779008
16279782001
16279782005
16279782008
16279785001
16279785005
16279785008
16279788001
16279788005
16279788008
16279791001
16279791006
16279791008
16279794001
16279794006
16279794008
16279797008
16279800005
16279800006
16279800008
16279803005
16279803006
16279803008
16279806008
16279809008
16279812005
16279812008
16279815006
16279815008
16279818005
16279818006
16279818008
16279821005
16279821008
16279824005
16279824008
16279827001
16279827005
16279827008
16279830001
16279830008
16279833001
16279833008
16279836001
16279836008
16279839001
16279839008
16279842004
16279842006
16279842008
16279845004
16279845006
16279845008
16279848008
16279851008
16279854008
16279857001
16279857008
16279860001
16279860008
16279863008
16279866001
16279866008
16279869001
16279869008
16279872004
16279872008
16279875004
16279875008
16279878004
16279878006
16279878008
16279881004
16279881006
16279881008
16279884004
16279884008
16279887001
16279887004
16279887008
16279890001
16279890004
16279890008
16279893001
16279893004
16279893008
16279896001
16279896004
16279896008
16279899001
16279899004
16279899008
16279902001
16279902004
16279902008
16279905001
16279905004
16279905008
16279908001
16279908004
16279908008
16279911001
16279911004
16279911008
16279914001
16279914004
16279914006
16279914008
16279917001
16279917004
16279917006
16279917008
16279920004
16279920008
16279923004
16279923008
16279926001
16279926004
16279926008
16279929001
16279929004
16279929008
16279932001
16279932004
16279932008
16279935004
16279935008
16279938004
16279938008
16279941004
16279941008
16279944004
16279944008
16279947004
16279947008
16279950004
16279950008
16279953004
16279953008
16279956004
16279956008
16279959004
16279959007
16279959008
16279962004
16279962007
16279962008
16279965004
16279965008
16279968004
16279968008
16279971004
16279971008
16279974001
16279974004
16279974008
16279977001
16279977004
16279977005
16279977008
16279980001
16279980004
16279980007
16279980008
16279983001
16279983005
16279983007
16279983008
16279986001
16279986005
16279986008
16279989001
16279989008
16279992001
16279995001
16279998001
16280001001
16280001006
16280004006
16280007001
16280007006
16280010001
16280010006
16280010008
16280013001
16280013006
16280013008
16280016001
16280016006
16280019001
16280019008
16280022001
16280022008
16280025001
16280025008
16280028007
16280028008
16280031008
16280034008
16280037008
16280040008
16280043008
16280046004
16280046008
16280049004
16280049008
16280052004
16280052008
16280055008
16280058008
16280061008
16280064008
16280070008
16280073008
16280076008
16280079008
16280082008
16280085008
16280088008
16280091008
16280094008
16280166006
16280172006
16280175008
16280178008
16280187006
16280190004
16280190006
16280193004
16280196004
16280202006
16280205005
16280205006
16280205008
16280208004
16280208005
16280208008
16280211004
16280211006
16280214001
16280214005
16280214006
16280217001
16280217005
16280217006
16280217008
16280220001
16280220005
16280220006
16280223004
16280223005
16280223008
16280226001
16280226004
16280226006
16280226008
16280229001
16280229004
16280232006
16280235001
16280235004
16280238001
16280238005
16280241005
16280244004
16280247001
16280247004
16280247007
16280250001
16280250004
16280250007
16280253001
16280253005
16280253007
16280256005
16280256006
16280256007
16280259004
16280259005
16280262004
16280262005
16280265004
16280265008
16280268008
16280271001
16280271008
16280274001
16280277006
16280277008
16280280006
16280283005
16280286005
16280289001
16280289005
16280292001
16280292004
16280292006
16280295001
16280295004
16280295006
16280298001
16280298004
16280298005
16280301001
16280301004
16280301008
16280304001
16280304006
16280304008
16280307001
16280307005
16280307006
16280307008
16280310001
16280310004
16280310007
16280310008
16280313004
16280313005
16280313007
16280316004
16280316006
16280316007
16280319004
16280319006
16280319007
16280322004
16280322006
16280322007
16280325001
16280325004
16280325005
16280325006
16280325007
16280328001
16280328004
16280328005
16280328006
16280328007
16280331001
16280331004
16280331005
16280331006
16280331007
16280334001
16280334004
16280334005
16280334006
16280334007
16280337001
16280337004
16280337005
16280337006
16280337007
16280340001
16280340004
16280340005
16280340006
16280340007
16280340008
16280343001
16280343004
16280343005
16280343006
16280343007
16280343008
16280346004
16280346005
16280346006
16280346007
16280346008
16280349001
16280349004
16280349005
16280349006
16280349007
16280349008
16280352001
16280352005
16280352006
16280352007
16280352008
16280355001
16280355005
16280355006
16280355007
16280358001
16280358005
16280358006
16280358007
16280361001
16280361004
16280361005
16280361006
16280361007
16280364001
16280364004
16280364005
16280364006
16280364007
16280364008
16280367001
16280367005
16280367006
16280367007
16280370001
16280370005
16280370006
16280370007
16280373001
16280373005
16280373006
16280373007
16280376001
16280376006
16280376007
16280379001
16280379006
16280379007
16280382001
16280382005
16280382006
16280382007
16280382008
16280385001
16280385006
16280385007
16280385008
16280388001
16280388006
16280388007
16280388008
16280391001
16280391006
16280391007
16280391008
16280394001
16280394004
16280394006
16280394007
16280394008
16280397001
16280397006
16280397007
16280397008
16280400001
16280400004
16280400006
16280400007
16280403001
16280403006
16280403007
16280406001
16280406005
16280406006
16280406007
16280409001
16280409006
16280409007
16280412001
16280412006
16280412007
16280415001
16280415006
16280415007
16280418001
16280418006
16280418007
16280421001
16280421004
16280421006
16280421007
16280424001
16280424004
16280424006
16280424007
16280427001
16280427004
16280427006
16280427007
16280430001
16280430004
16280430006
16280430007
16280433001
16280433004
16280433005
16280433006
16280433007
16280436001
16280436004
16280436006
16280436007
16280439001
16280439004
16280439006
16280439007
16280442001
16280442004
16280442005
16280442006
16280442007
16280442008
16280445001
16280445004
16280445006
16280445007
16280445008
16280448001
16280448004
16280448006
16280448007
16280448008
16280451001
16280451004
16280451006
16280451007
16280454001
16280454004
16280454005
16280454006
16280454007
16280457004
16280457006
16280457007
16280460004
16280460005
16280460007
16280463001
16280463004
16280463007
16280466001
16280466004
16280466007
16280469004
16280469007
16280472001
16280472004
16280472007
16280475001
16280475004
16280475007
16280478001
16280478004
16280478007
16280481001
16280481004
16280481007
16280484001
16280484004
16280484007
16280487001
16280487004
16280487007
16280490001
16280490004
16280490007
16280493001
16280493004
16280493006
16280493007
16280496001
16280496004
16280496006
16280496007
16280499001
16280499004
16280499007
16280502001
16280502004
16280502007
16280505001
16280505004
16280505006
16280505007
16280508001
16280508004
16280508007
16280511001
16280511004
16280511006
16280511007
16280514001
16280514006
16280514007
16280517001
16280517006
16280517007
16280520001
16280520006
16280520007
16280523001
16280523007
16280526007
16280529007
16280535007
16280538007
16280541007
16280544004
16280544007
16280547004
16280547007
16280550001
16280550007
16280553001
16280553007
16280556001
16280556006
16280556007
16280559001
16280559007
16280562001
16280562007
16280565001
16280565004
16280565006
16280565007
16280568001
16280568004
16280568006
16280568007
16280571001
16280571004
16280571006
16280571007
16280574004
16280574006
16280577004
16280577006
16280577007
16280580004
16280580006
16280580007
16280583004
16280583006
16280583007
16280586001
16280586007
16280589001
16280589007
16280592001
16280592007
16280595001
16280595006
16280595007
16280595008
16280598001
16280598004
16280598007
16280598008
16280601001
16280601007
16280601008
16280604001
16280604007
16280604008
16280607001
16280607007
16280607008
16280610007
16280613001
16280613007
16280616001
16280616007
16280616008
16280619001
16280619006
16280619007
16280619008
16280622001
16280622007
16280625001
16280625007
16280628001
16280628007
16280631004
16280631007
16280631008
16280634006
16280634007
16280637007
16280637008
16280640001
16280640005
16280640007
16280643001
16280643005
16280643007
16280646001
16280646005
16280646007
16280649001
16280649005
16280649007
16280652001
16280652004
16280652007
16280655001
16280655004
16280655007
16280658001
16280658006
16280658007
16280661001
16280661006
16280661007
16280664001
16280664007
16280667001
16280667007
16280670007
16280673007
16280676006
16280676007
16280676008
16280679007
16280682004
16280682007
16280685004
16280685005
16280685007
16280688004
16280688005
16280688007
16280691004
16280691007
16280694001
16280694004
16280694007
16280697001
16280697004
16280697007
16280700001
16280700004
16280700007
16280703001
16280703004
16280703007
16280706004
16280706007
16280706008
16280709004
16280709007
16280709008
16280712004
16280712007
16280715004
16280715007
16280718004
16280718007
16280721004
16280721007
16280724001
16280727001
16280727007
16280730001
16280730004
16280730007
16280733001
16280733004
16280733007
16280736001
16280736004
16280736007
16280739001
16280739004
16280739007
16280742001
16280742004
16280742007
16280745001
16280745004
16280745007
16280748001
16280748004
16280748007
16280751001
16280751004
16280751007
16280754001
16280754004
16280754007
16280757001
16280757004
16280757007
16280760001
16280760004
16280760007
16280763001
16280763004
16280763007
16280766001
16280766004
16280766006
16280766007
16280769001
16280769004
16280769007
16280772001
16280772004
16280772007
16280775001
16280775004
16280775007
16280778001
16280778004
16280778007
16280781001
16280781004
16280781007
16280784004
16280784007
16280787004
16280787007
16280790004
16280790007
16280793004
16280793007
16280796001
16280796004
16280796007
16280799001
16280799004
16280799007
16280802001
16280802004
16280802007
16280805001
16280805007
16280808001
16280808007
16280811001
16280811007
16280814001
16280814007
16280817001
16280817007
16280820001
16280820007
16280823001
16280823007
16280826001
16280826004
16280826007
16280829001
16280829007
16280832001
16280832007
16280835001
16280835007
16280838001
16280838005
16280838007
16280841005
16280841007
16280844005
16280844007
16280847007
16280850001
16280850007
16280853001
16280853006
16280853007
16280856001
16280856007
16280859001
16280859007
16280862001
16280862004
16280862007
16280865001
16280865005
16280865006
16280865007
16280868005
16280868006
16280868007
16280871001
16280871007
16280874001
16280874006
16280874007
16280877001
16280877006
16280877007
16280880001
16280880006
16280880007
16280883001
16280883007
16280886001
16280886007
16280886008
16280889007
16280889008
16280892004
16280892007
16280895001
16280895004
16280895007
16280898001
16280898004
16280898007
16280901001
16280901007
16280904004
16280904007
16280907007
16280910007
16280913007
16280916007
16280919007
16280922007
16280925007
16280928007
16280931007
16280934007
16280937007
16280940007
16280943007
16280946007
16280949007
16280952007
16280955007
16280958007
16280961007
16281000006
16281009006
16281018006
16281036006
16281048004
16281051006
16281054006
16281057004
16281069005
16281069008
16281072001
16281072008
16281075001
16281075005
16281075006
16281075008
16281078001
16281078005
16281078006
16281078008
16281081001
16281081005
16281081006
16281081008
16281084001
16281084004
16281084005
16281087004
16281087005
16281087008
16281090001
16281090006
16281090008
16281093001
16281093008
16281096001
16281096006
16281096008
16281099001
16281102006
16281108001
16281111001
16281111004
16281114001
16281114004
16281114006
16281117001
16281117004
16281120001
16281120004
16281120006
16281123004
16281123006
16281123008
16281126006
16281126008
16281129008
16281132001
16281135001
16281138001
16281141005
16281141006
16281144001
16281144004
16281144005
16281144006
16281147001
16281147005
16281147006
16281147008
16281150005
16281150008
16281153001
16281153004
16281153006
16281156001
16281156006
16281159001
16281159008
16281162001
16281162008
16281168006
16281168008
16281171004
16281171006
16281174004
16281174006
16281174007
16281174008
16281177004
16281177005
16281177007
16281180004
16281180006
16281180008
16281183004
16281183006
16281183008
16281186004
16281186006
16281189004
16281189006
16281192004
16281192005
16281192006
16281195001
16281195004
16281195005
16281195006
16281198001
16281198004
16281198005
16281198006
16281201001
16281201004
16281201006
16281201008
16281204001
16281204006
16281204008
16281207001
16281207004
16281207006
16281207008
16281210001
16281210004
16281210006
16281213004
16281213006
16281216001
16281216004
16281216006
16281219001
16281219004
16281219006
16281222001
16281222004
16281222006
16281225001
16281225004
16281225005
16281225006
16281228001
16281228004
16281228005
16281228006
16281231001
16281231004
16281231005
16281231006
16281234001
16281234004
16281234005
16281234006
16281237001
16281237004
16281237005
16281237006
16281240001
16281240004
16281240006
16281243001
16281243004
16281243006
16281246001
16281246004
16281246005
16281246006
16281249001
16281249004
16281249006
16281249008
16281252001
16281252004
16281252006
16281252008
16281255001
16281255004
16281255006
16281255008
16281258001
16281258004
16281258006
16281258008
16281261001
16281261004
16281261006
16281261008
16281264001
16281264004
16281264006
16281267001
16281267004
16281267005
16281267006
16281270001
16281270004
16281270006
16281273001
16281273004
16281273006
16281276001
16281276004
16281276006
16281279001
16281279004
16281279006
16281282001
16281282004
16281282006
16281285001
16281285004
16281285006
16281288001
16281288004
16281288006
16281291001
16281291004
16281291006
16281294001
16281294004
16281294006
16281297001
16281297004
16281297005
16281297006
16281300001
16281300004
16281300005
16281300006
16281300007
16281303001
16281303004
16281303005
16281303006
16281306001
16281306004
16281306006
16281309001
16281309004
16281309005
16281309006
16281309008
16281312001
16281312004
16281312006
16281312007
16281315001
16281315004
16281315006
16281315007
16281315008
16281318001
16281318004
16281318006
16281321004
16281321006
16281324004
16281324006
16281327004
16281327006
16281330001
16281330004
16281330005
16281330006
16281333004
16281333005
16281333006
16281336001
16281336004
16281336006
16281339001
16281339004
16281339006
16281342001
16281342004
16281342006
16281345001
16281345004
16281345006
16281348001
16281348004
16281348006
16281351004
16281351006
16281354004
16281354006
16281357004
16281357005
16281357006
16281360004
16281360006
16281363004
16281363006
16281366004
16281366006
16281369004
16281369006
16281372004
16281372006
16281375004
16281375006
16281375007
16281378004
16281378006
16281381004
16281381006
16281384004
16281384006
16281387004
16281387006
16281390004
16281390006
16281393004
16281393006
16281393007
16281396004
16281396006
16281396007
16281399004
16281399006
16281399007
16281399008
16281402004
16281402006
16281402007
16281405004
16281405006
16281408004
16281408006
16281411004
16281411006
16281414004
16281414006
16281417004
16281417006
16281420004
16281420006
16281423004
16281423006
16281426006
16281429006
16281429007
16281432001
16281432004
16281432006
16281432007
16281435001
16281435004
16281435007
16281438001
16281438004
16281438007
16281441001
16281441004
16281444001
16281447001
16281447004
16281450001
16281450004
16281450005
16281453001
16281453004
16281453005
16281456001
16281456004
16281456005
16281459001
16281459004
16281459008
16281462001
16281462004
16281462006
16281462008
16281465001
16281465004
16281465008
16281468001
16281468004
16281468006
16281471001
16281471004
16281474004
16281477004
16281480004
16281480008
16281483004
16281483008
16281486001
16281486004
16281486006
16281489001
16281489004
16281489006
16281489008
16281492001
16281492004
16281492008
16281495001
16281495004
16281498004
16281498007
16281501004
16281501006
16281501007
16281501008
16281504004
16281504006
16281504007
16281504008
16281507004
16281507005
16281507007
16281507008
16281510004
16281510005
16281510007
16281513001
16281513004
16281513005
16281513007
16281516001
16281516004
16281516005
16281516006
16281516007
16281519001
16281519004
16281519006
16281519007
16281522001
16281522004
16281522006
16281522007
16281525001
16281525007
16281528001
16281528006
16281528007
16281531001
16281531004
16281531006
16281531007
16281531008
16281534001
16281534004
16281534006
16281534007
16281534008
16281537001
16281537004
16281537007
16281540001
16281540004
16281540006
16281540007
16281540008
16281543004
16281543006
16281543007
16281543008
16281546004
16281546006
16281546007
16281546008
16281549004
16281549006
16281549007
16281552004
16281552005
16281552006
16281552007
16281555004
16281555007
16281558001
16281558004
16281558007
16281561001
16281561004
16281561007
16281564004
16281564006
16281564007
16281567001
16281567004
16281567007
16281570004
16281570006
16281570007
16281570008
16281573004
16281573007
16281576004
16281576007
16281579004
16281579007
16281582004
16281582007
16281585004
16281585007
16281588001
16281588004
16281588007
16281591001
16281591007
16281594001
16281594004
16281594007
16281597001
16281597004
16281597007
16281600001
16281600004
16281600007
16281603001
16281603004
16281603007
16281606001
16281606004
16281606007
16281609001
16281609004
16281609007
16281612001
16281612004
16281612007
16281615001
16281615004
16281615007
16281618001
16281618004
16281618007
16281621001
16281621004
16281621007
16281624001
16281624004
16281624006
16281624007
16281627001
16281627004
16281627006
16281627007
16281630001
16281630004
16281630007
16281633001
16281633004
16281633007
16281636001
16281636004
16281636007
16281639001
16281639004
16281639007
16281642001
16281642004
16281642007
16281645001
16281645004
16281645007
16281648004
16281648007
16281651004
16281651007
16281654004
16281654007
16281657004
16281657006
16281657007
16281660001
16281660004
16281660007
16281663001
16281663004
16281663007
16281666001
16281666004
16281666006
16281666007
16281669004
16281669006
16281669007
16281672001
16281672004
16281672007
16281675001
16281675004
16281675007
16281678001
16281681001
16281684001
16281687001
16281687004
16281690001
16281690004
16281693001
16281693004
16281696004
16281699001
16281699004
16281702001
16281702004
16281702006
16281705001
16281705004
16281708001
16281708004
16281708005
16281711001
16281711004
16281711005
16281714004
16281714005
16281717004
16281717005
16281720005
16281723001
16281726001
16281729001
16281738006
16281741006
16281744001
16281747001
16281747006
16281747008
16281750001
16281753006
16281753007
16281780004
16281783004
16281786004
16281789004
16281795004
16281798004
16281804004
16281807004
16281810004
16281819004
16281822004
16281825004
16281882006
16281903006
16281906006
16281915006
16281918004
16281918006
16281921004
16281921006
16281924004
16281924006
16281927006
16281930006
16281933004
16281933005
16281933006
16281936004
16281936005
16281936006
16281936008
16281939005
16281939006
16281939008
16281942001
16281942005
16281942008
16281945001
16281945005
16281945008
16281948001
16281948005
16281954001
16281954005
16281957001
16281957005
16281957008
16281960001
16281960005
16281960008
16281963005
16281966005
16281966006
16281969005
16281972004
16281972005
16281975004
16281975005
16281975007
16281978001
16281978005
16281978008
16281981001
16281981004
16281981005
16281984001
16281984005
16281984006
16281984008
16281987005
16281987006
16281990004
16281990005
16281990006
16281993004
16281993005
16281993006
16281993008
16281996001
16281996005
16281996006
16281996008
16281999001
16281999004
16281999005
16281999007
16282002001
16282002004
16282002005
16282002006
16282002007
16282005005
16282005006
16282008005
16282008006
16282011005
16282011006
16282014005
16282014006
16282017005
16282017006
16282020001
16282020004
16282020005
16282020006
16282023001
16282023005
16282023006
16282026001
16282026004
16282026005
16282026006
16282029001
16282029004
16282029005
16282029006
16282032001
16282032005
16282035001
16282035004
16282035005
16282038004
16282038005
16282038006
16282038007
16282041004
16282041005
16282041006
16282041007
16282044004
16282044005
16282047005
16282050005
16282053005
16282056005
16282059004
16282059005
16282062004
16282062005
16282065004
16282065005
16282068005
16282071005
16282074005
16282074008
16282077001
16282077005
16282077008
16282080001
16282080005
16282083001
16282083005
16282086001
16282086005
16282089001
16282089005
16282089008
16282092001
16282092004
16282092005
16282095001
16282095004
16282095005
16282095007
16282098001
16282098005
16282101001
16282101005
16282104001
16282104005
16282104006
16282107001
16282107005
16282110001
16282110005
16282110008
16282113001
16282113005
16282113008
16282116001
16282116005
16282119001
16282119005
16282122001
16282122004
16282122005
16282122008
16282125001
16282125005
16282125008
16282128001
16282128005
16282128008
16282131001
16282131005
16282131006
16282134001
16282134005
16282134006
16282137001
16282137005
16282137006
16282140001
16282140005
16282140006
16282143001
16282143005
16282143006
16282146001
16282146005
16282146006
16282149001
16282149005
16282149006
16282152001
16282152005
16282152006
16282155001
16282155005
16282155006
16282158001
16282158005
16282158006
16282161001
16282161005
16282161006
16282161007
16282164001
16282164005
16282164006
16282167001
16282167005
16282167006
16282170001
16282170006
16282170008
16282173001
16282173004
16282173006
16282173008
16282176001
16282176006
16282176007
16282176008
16282179001
16282179006
16282179007
16282182001
16282182005
16282182006
16282185006
16282185008
16282188006
16282191006
16282194001
16282194006
16282197001
16282197006
16282200001
16282200006
16282203001
16282203005
16282203006
16282206001
16282206006
16282209001
16282209006
16282212001
16282212006
16282215001
16282215006
16282215008
16282218001
16282218006
16282221001
16282221006
16282221008
16282224001
16282224008
16282227001
16282227005
16282227008
16282230001
16282230005
16282230008
16282233001
16282233005
16282233008
16282236001
16282236005
16282236006
16282236008
16282239001
16282239005
16282239007
16282239008
16282242001
16282242005
16282242007
16282242008
16282245001
16282245005
16282245007
16282245008
16282248001
16282248005
16282248008
16282251001
16282251004
16282251005
16282251006
16282251008
16282254001
16282254005
16282254006
16282254008
16282257001
16282257004
16282257005
16282257008
16282260001
16282260004
16282260005
16282260007
16282260008
16282263005
16282263007
16282263008
16282266005
16282266007
16282266008
16282269005
16282269007
16282269008
16282272001
16282272005
16282272008
16282275001
16282275005
16282275008
16282278001
16282278005
16282278006
16282278008
16282281001
16282281005
16282281006
16282281008
16282284001
16282284005
16282284008
16282287001
16282287005
16282287008
16282290001
16282290005
16282290007
16282293001
16282293005
16282293007
16282293008
16282296001
16282296005
16282296006
16282296007
16282299001
16282299004
16282299005
16282299006
16282302001
16282302004
16282302005
16282302006
16282305001
16282305004
16282305005
16282308001
16282308004
16282308005
16282311001
16282311004
16282311005
16282314001
16282314004
16282314005
16282314008
16282317001
16282317005
16282317006
16282320001
16282320005
16282320006
16282323001
16282323005
16282326001
16282326005
16282326006
16282326007
16282329001
16282329005
16282332001
16282332005
16282332008
16282335001
16282335005
16282335006
16282335008
16282338001
16282338005
16282338008
16282341001
16282341005
16282341008
16282344001
16282344005
16282344008
16282347001
16282347004
16282347005
16282347008
16282350001
16282350004
16282350005
16282350006
16282353001
16282353004
16282353005
16282353006
16282356001
16282356004
16282356005
16282359001
16282359004
16282359005
16282362001
16282362005
16282362007
16282362008
16282365001
16282365005
16282365007
16282365008
16282368001
16282368004
16282368005
16282368008
16282371001
16282371004
16282371005
16282371008
16282374001
16282374004
16282374005
16282377001
16282377004
16282377005
16282377007
16282380001
16282380005
16282380007
16282383001
16282383005
16282383007
16282386001
16282386005
16282386006
16282386007
16282389001
16282389004
16282389005
16282389006
16282389007
16282392001
16282392004
16282392005
16282392006
16282392007
16282392008
16282395001
16282395005
16282395006
16282395007
16282395008
16282398001
16282398004
16282398005
16282398006
16282398007
16282398008
16282401001
16282401004
16282401005
16282401007
16282401008
16282404005
16282404007
16282404008
16282407005
16282407007
16282410005
16282410008
16282413005
16282413006
16282413008
16282416005
16282416006
16282419001
16282419005
16282419007
16282422001
16282422005
16282422007
16282425001
16282425005
16282425007
16282428001
16282428005
16282428006
16282428007
16282431001
16282431005
16282431007
16282431008
16282434005
16282434006
16282434007
16282434008
16282437001
16282437005
16282437007
16282440005
16282440007
16282443005
16282443007
16282446005
16282446007
16282449005
16282449007
16282452001
16282452005
16282452007
16282455001
16282455005
16282455007
16282458001
16282458005
16282458006
16282458007
16282461001
16282461005
16282461007
16282464001
16282464005
16282464006
16282464007
16282467001
16282467005
16282467007
16282470001
16282470004
16282470005
16282470007
16282473001
16282473005
16282473007
16282476001
16282476005
16282476007
16282479001
16282479005
16282479007
16282482001
16282482005
16282482007
16282485001
16282485005
16282485007
16282488001
16282488005
16282488007
16282491001
16282491005
16282491007
16282494001
16282494005
16282497001
16282497005
16282500001
16282500005
16282500007
16282503001
16282503007
16282506001
16282506005
16282506007
16282509001
16282509005
16282509007
16282512005
16282515005
16282515007
16282518005
16282518007
16282521005
16282521006
16282521007
16282524005
16282524007
16282527005
16282527007
16282530001
16282530005
16282530007
16282533001
16282533005
16282533007
16282536001
16282536005
16282536007
16282539001
16282539007
16282542001
16282542005
16282542007
16282545001
16282545005
16282545007
16282548001
16282548005
16282548007
16282551001
16282551005
16282551007
16282554001
16282554005
16282557001
16282557005
16282557007
16282560001
16282560005
16282560007
16282563001
16282563005
16282563007
16282566001
16282566005
16282566007
16282569001
16282569005
16282569006
16282569007
16282572001
16282572005
16282572006
16282572007
16282575001
16282575005
16282575007
16282578001
16282578004
16282578005
16282581001
16282581005
16282584001
16282584005
16282584007
16282587001
16282587005
16282587007
16282590005
16282590007
16282593005
16282593007
16282596005
16282596007
16282599004
16282599005
16282602001
16282602005
16282602007
16282605001
16282605005
16282605006
16282608001
16282608005
16282608006
16282611001
16282611005
16282611006
16282614001
16282614005
16282614006
16282617001
16282617005
16282620001
16282620005
16282620007
16282623001
16282623004
16282623005
16282623007
16282626001
16282626004
16282626005
16282626006
16282626007
16282629004
16282629005
16282629006
16282629007
16282632004
16282632005
16282635005
16282635008
16282638005
16282638008
16282641004
16282641005
16282641008
16282644005
16282647005
16282659005
16282662005
16282665005
16282668005
16282671005
16282674005
16282677005
16282809006
16282812006
16282815006
16282818006
16282821006
16282824004
16282827004
16282827006
16282830004
16282830005
16282830006
16282833004
16282833005
16282836004
16282836006
16282836008
16282839004
16282839005
16282839006
16282839008
16282842004
16282842005
16282842006
16282842008
16282845001
16282845004
16282845005
16282848001
16282848004
16282851004
16282851006
16282854004
16282857001
16282857004
16282857008
16282860004
16282860006
16282863004
16282866004
16282866006
16282866008
16282869004
16282869005
16282869008
16282872004
16282872005
16282872006
16282872008
16282875004
16282875005
16282875008
16282878004
16282878005
16282878008
16282881004
16282881006
16282881008
16282884001
16282884004
16282884008
16282887001
16282887004
16282887006
16282887008
16282890004
16282890006
16282890008
16282893004
16282893008
16282896001
16282896004
16282899001
16282899004
16282902004
16282905004
16282908004
16282911004
16282914004
16282917001
16282917004
16282920001
16282920004
16282923004
16282926001
16282926004
16282929001
16282929004
16282929006
16282932001
16282932004
16282932006
16282935001
16282935004
16282935006
16282938001
16282938004
16282938006
16282941001
16282941004
16282941006
16282944004
16282944006
16282947004
16282947006
16282950001
16282950004
16282953001
16282953004
16282956001
16282956004
16282959001
16282959004
16282962001
16282962004
16282962006
16282965001
16282965004
16282965006
16282968001
16282968004
16282968006
16282971001
16282971004
16282971006
16282974001
16282974004
16282974006
16282977001
16282977004
16282980001
16282980004
16282983001
16282983004
16282983006
16282986001
16282986004
16282986006
16282989001
16282989004
16282992001
16282992004
16282995001
16282995004
16282998001
16282998004
16283001001
16283001004
16283004001
16283004004
16283007001
16283007004
16283010001
16283010004
16283010006
16283013001
16283013004
16283016001
16283016004
16283016007
16283019001
16283019004
16283022001
16283022004
16283025001
16283025004
16283028001
16283028004
16283031001
16283031004
16283034001
16283034004
16283037001
16283037004
16283040001
16283040004
16283043001
16283043004
16283046001
16283046004
16283046005
16283046006
16283046008
16283049004
16283052004
16283052005
16283055001
16283055004
16283058001
16283058004
16283061001
16283061004
16283064001
16283064004
16283067001
16283067004
16283070001
16283070004
16283073001
16283073004
16283073006
16283076001
16283076004
16283079004
16283082004
16283085004
16283088001
16283088004
16283091001
16283091004
16283094001
16283094004
16283094005
16283097001
16283097004
16283100001
16283100004
16283103001
16283103004
16283106001
16283106006
16283109001
16283112001
16283112004
16283112006
16283115001
16283115004
16283115005
16283118001
16283118004
16283118005
16283121001
16283121004
16283124001
16283124004
16283127001
16283127004
16283130001
16283130004
16283133001
16283133004
16283136001
16283136004
16283136005
16283139001
16283139004
16283142001
16283142004
16283145001
16283145004
16283148001
16283148004
16283148005
16283148008
16283151001
16283151004
16283151005
16283154001
16283154004
16283157001
16283157004
16283157005
16283160001
16283160004
16283160005
16283163001
16283163004
16283163005
16283166001
16283166004
16283169001
16283169004
16283169005
16283172001
16283172004
16283172005
16283175001
16283175004
16283178001
16283178004
16283181001
16283181004
16283184001
16283184004
16283187001
16283187004
16283190001
16283190004
16283193001
16283193004
16283196001
16283196004
16283199001
16283199004
16283202001
16283202004
16283205001
16283205004
16283208001
16283208004
16283211001
16283211004
16283214001
16283214004
16283217001
16283217004
16283220001
16283220004
16283223001
16283223004
16283226001
16283226004
16283226008
16283229001
16283229004
16283229008
16283232001
16283232004
16283232008
16283235001
16283235004
16283238001
16283238004
16283241001
16283241004
16283244001
16283244004
16283244006
16283244007
16283247001
16283247004
16283250001
16283250004
16283253001
16283253004
16283253008
16283256001
16283256004
16283256005
16283256006
16283256008
16283259001
16283259004
16283259005
16283259008
16283262001
16283262004
16283262008
16283265001
16283265004
16283268004
16283271001
16283271004
16283274001
16283274004
16283277001
16283277004
16283280001
16283280004
16283283001
16283283004
16283283005
16283286001
16283286004
16283286005
16283289001
16283289004
16283289005
16283292001
16283292004
16283292005
16283292006
16283295004
16283295005
16283295006
16283298004
16283298005
16283301004
16283301005
16283304004
16283304005
16283307004
16283307005
16283310004
16283310005
16283313004
16283313005
16283316001
16283316004
16283316005
16283319001
16283319004
16283319005
16283322001
16283322004
16283322005
16283325001
16283325004
16283325005
16283328001
16283328004
16283328005
16283331001
16283331004
16283331005
16283334001
16283334004
16283334005
16283337001
16283337004
16283337005
16283340001
16283340004
16283340005
16283343001
16283343004
16283343005
16283346001
16283346004
16283346005
16283349001
16283349004
16283349005
16283352001
16283352004
16283352005
16283355001
16283355004
16283355005
16283358001
16283358004
16283358005
16283361001
16283361004
16283361005
16283364001
16283364004
16283364005
16283364006
16283367001
16283367005
16283367006
16283370001
16283370005
16283370006
16283373001
16283373005
16283373006
16283376001
16283376005
16283379001
16283379004
16283379005
16283382001
16283382004
16283382005
16283385001
16283385004
16283385005
16283388001
16283388004
16283388005
16283391001
16283391004
16283391005
16283394001
16283394004
16283394005
16283394006
16283397001
16283397004
16283397005
16283400001
16283400004
16283400005
16283403001
16283403005
16283406001
16283406005
16283409001
16283409005
16283412001
16283412005
16283412006
16283415001
16283415006
16283418001
16283418006
16283421001
16283421006
16283424001
16283424004
16283424005
16283424006
16283427001
16283427004
16283427006
16283430001
16283430004
16283430006
16283430007
16283433001
16283433004
16283433006
16283433007
16283436001
16283436004
16283439001
16283439004
16283439006
16283442001
16283442004
16283442006
16283445001
16283445004
16283448001
16283448004
16283448005
16283448006
16283448007
16283451001
16283451004
16283451007
16283454001
16283454004
16283454007
16283457001
16283457004
16283457007
16283460001
16283460004
16283460007
16283463001
16283463004
16283466001
16283466004
16283466005
16283469001
16283469004
16283472001
16283472004
16283475001
16283475004
16283478001
16283478004
16283481001
16283481004
16283484001
16283484004
16283487001
16283487004
16283490001
16283490004
16283493001
16283493004
16283496001
16283496004
16283496007
16283499001
16283499004
16283499007
16283502004
16283502007
16283505004
16283505007
16283505008
16283508004
16283508005
16283508007
16283508008
16283511004
16283511005
16283511007
16283511008
16283514004
16283514008
16283517004
16283517008
16283520004
16283520008
16283523004
16283526004
16283529004
16283532004
16283535004
16283538004
16283541004
16283544004
16283547004
16283550004
16283553004
16283640006
